Toshiba Remote WH-H07JE send three different lenght signals. Majority of them are
72 bit long. Some buttons send a bit different lenght codes, 56 bits or 80 bits.



/////////////////////// 72 bits /////////////////////////

Temperature (celsius temp - 17):
17
bits:  1111 0010 0000 1101 0000 0011 1111 1100 0000 0001 0000 0000 0000 0000 0000 0000 0000 0001
bytes: F2 0D 03 FC 01 00 00 00 01 
bits:  11110010 00001101 00000011 11111100 00000001 00000000 00000000 00000000 00000001

18
bits:  1111 0010 0000 1101 0000 0011 1111 1100 0000 0001 0001 0000 0000 0000 0000 0000 0001 0001
bytes: F2 0D 03 FC 01 10 00 00 11 
bits:  11110010 00001101 00000011 11111100 00000001 00010000 00000000 00000000 00010001

19
bits:  1111 0010 0000 1101 0000 0011 1111 1100 0000 0001 0010 0000 0000 0000 0000 0000 0010 0001
bytes: F2 0D 03 FC 01 20 00 00 21 
bits:  11110010 00001101 00000011 11111100 00000001 00100000 00000000 00000000 00100001

20
bits:  1111 0010 0000 1101 0000 0011 1111 1100 0000 0001 0011 0000 0000 0000 0000 0000 0011 0001
bytes: F2 0D 03 FC 01 30 00 00 31 
bits:  11110010 00001101 00000011 11111100 00000001 00110000 00000000 00000000 00110001

...

29
bits:  1111 0010 0000 1101 0000 0011 1111 1100 0000 0001 1100 0000 0000 0000 0000 0000 1100 0001
bytes: F2 0D 03 FC 01 C0 00 00 C1 
bits:  11110010 00001101 00000011 11111100 00000001 11000000 00000000 00000000 11000001

30
bits:  1111 0010 0000 1101 0000 0011 1111 1100 0000 0001 1101 0000 0000 0000 0000 0000 1101 0001
bytes: F2 0D 03 FC 01 D0 00 00 D1 
bits:  11110010 00001101 00000011 11111100 00000001 11010000 00000000 00000000 11010001

Mode at 17dec auto fan

auto
bits:  1111 0010 0000 1101 0000 0011 1111 1100 0000 0001 0000 0000 0000 0000 0000 0000 0000 0001
bytes: F2 0D 03 FC 01 00 00 00 01 
bits:  11110010 00001101 00000011 11111100 00000001 00000000 00000000 00000000 00000001

cool
bits:  1111 0010 0000 1101 0000 0011 1111 1100 0000 0001 0000 0000 0000 0001 0000 0000 0000 0000
bytes: F2 0D 03 FC 01 00 01 00 00 
bits:  11110010 00001101 00000011 11111100 00000001 00000000 00000001 00000000 00000000

dry
bits:  1111 0010 0000 1101 0000 0011 1111 1100 0000 0001 0000 0000 0000 0010 0000 0000 0000 0011
bytes: F2 0D 03 FC 01 00 02 00 03 
bits:  11110010 00001101 00000011 11111100 00000001 00000000 00000010 00000000 00000011

heat
bits:  1111 0010 0000 1101 0000 0011 1111 1100 0000 0001 0000 0000 0000 0011 0000 0000 0000 0010
bytes: F2 0D 03 FC 01 00 03 00 02 
bits:  11110010 00001101 00000011 11111100 00000001 00000000 00000011 00000000 00000010

power off
bits:  1111 0010 0000 1101 0000 0011 1111 1100 0000 0001 0000 0000 0000 0111 0000 0000 0000 0110
bytes: F2 0D 03 FC 01 00 07 00 06 
bits:  11110010 00001101 00000011 11111100 00000001 00000000 00000111 00000000 00000110



Fan at 17dec auto mode

auto
bits:  1111 0010 0000 1101 0000 0011 1111 1100 0000 0001 0000 0000 0000 0000 0000 0000 0000 0001
bytes: F2 0D 03 FC 01 00 00 00 01 
bits:  11110010 00001101 00000011 11111100 00000001 00000000 00000000 00000000 00000001

1
bits:  1111 0010 0000 1101 0000 0011 1111 1100 0000 0001 0000 0000 0100 0000 0000 0000 0100 0001
bytes: F2 0D 03 FC 01 00 40 00 41 
bits:  11110010 00001101 00000011 11111100 00000001 00000000 01000000 00000000 01000001

2
bits:  1111 0010 0000 1101 0000 0011 1111 1100 0000 0001 0000 0000 0110 0000 0000 0000 0110 0001
bytes: F2 0D 03 FC 01 00 60 00 061 
bits:  11110010 00001101 00000011 11111100 00000001 00000000 01100000 00000000 01100001

3
bits:  1111 0010 0000 1101 0000 0011 1111 1100 0000 0001 0000 0000 1000 0000 0000 0000 1000 0001
bytes: F2 0D 03 FC 01 00 80 00 81 
bits:  11110010 00001101 00000011 11111100 00000001 00000000 10000000 00000000 10000001

4
bits:  1111 0010 0000 1101 0000 0011 1111 1100 0000 0001 0000 0000 1010 0000 0000 0000 1010 0001
bytes: F2 0D 03 FC 01 00 A0 00 A1 
bits:  11110010 00001101 00000011 11111100 00000001 00000000 10100000 00000000 10100001

5
bits:  1111 0010 0000 1101 0000 0011 1111 1100 0000 0001 0000 0000 1100 0000 0000 0000 1100 0001
bytes: F2 0D 03 FC 01 00 C0 00 C1 
bits:  11110010 00001101 00000011 11111100 00000001 00000000 11000000 00000000 11000001


Pure
on
bits:  1111 0010 0000 1101 0000 0011 1111 1100 0000 0001 0000 0000 0000 0000 0001 0000 0001 0001
bytes: F2 0D 03 FC 01 00 00 10 11 
bits:  11110010 00001101 00000011 11111100 00000001 00000000 00000000 00010000 00010001

off
bits:  1111 0010 0000 1101 0000 0011 1111 1100 0000 0001 0000 0000 0000 0000 0000 0000 0000 0001
bytes: F2 0D 03 FC 01 00 00 00 01 
bits:  11110010 00001101 00000011 11111100 00000001 00000000 00000000 00000000 00000001


Auto
bits:  1111 0010 0000 1101 0000 0011 1111 1100 0000 0001 0000 0000 0000 0000 0000 0000 0000 0001
bytes: F2 0D 03 FC 01 00 00 00 01 
bits:  11110010 00001101 00000011 11111100 00000001 00000000 00000000 00000000 00000001

hi-power off
bits:  1111 0010 0000 1101 0000 0011 1111 1100 0000 0001 0000 0000 0000 0000 0000 0000 0000 0001
bytes: F2 0D 03 FC 01 00 00 00 01 
bits:  11110010 00001101 00000011 11111100 00000001 00000000 00000000 00000000 00000001

sleep mode off
bits:  1111 0010 0000 1101 0000 0011 1111 1100 0000 0001 0000 0000 0000 0000 0000 0000 0000 0001
bytes: F2 0D 03 FC 01 00 00 00 01 
bits:  11110010 00001101 00000011 11111100 00000001 00000000 00000000 00000000 00000001

left/right  (must be wrong, this is same as FAN1)
bits:  1111 0010 0000 1101 0000 0011 1111 1100 0000 0001 0000 0000 0100 0000 0000 0000 0100 0001
bytes: F2 0D 03 FC 01 00 40 00 41 
bits:  11110010 00001101 00000011 11111100 00000001 00000000 01000000 00000000 01000001


/////////////////////// 80 bits /////////////////////////
hi-power on
bits:  1111 0010 0000 1101 0000 0100 1111 1011 0000 1001 0000 0000 0000 0000 0000 0000 0000 0001 0000 1000
bytes: F2 0D 04 FB 09 00 00 00 01 08 
bits:  11110010 00001101 00000100 11111011 00001001 00000000 00000000 00000000 00000001 00001000


sleep mode on
bits:  1111 0010 0000 1101 0000 0100 1111 1011 0000 1001 0000 0000 0000 0000 0000 0000 0000 0011 0000 1010
bytes: F2 0D 04 FB 09 00 00 00 03 0A
bits:  11110010 00001101 00000100 11111011 00001001 00000000 00000000 00000000 00000011 00001010


/////////////////////// 56 bits /////////////////////////

swing
bits:  1111 0010 0000 1101 0000 0001 1111 1110 0010 0001 0000 0100 0010 0101
bytes: F2 0D 01 FE 021 04 025 
bits:  11110010 00001101 00000001 11111110 00100001 00000100 00100101

up/down
bits:  1111 0010 0000 1101 0000 0001 1111 1110 0010 0001 0000 0000 0010 0001
bytes: F2 0D 01 FE 021 00 021 
bits:  11110010 00001101 00000001 11111110 00100001 00000000 00100001
